20
G1
G2
G3
G4
G5
G6
G7
G8
G9
G10
G11
G12
G13
G14
G15
G16
G17
G18
G19
G20
50
1 1 1
2 2 2
3 3 3
4 4 4
5 5 5
6 6 6
7 7 7
8 8 8
9 1 9
10 1 10
11 1 11
12 2 12
13 3 13
14 4 14
15 5 15
16 6 16
17 7 17
18 8 18
19 1 19
20 1 20
1 2 1
1 3 1
1 4 1
1 5 1
1 6 1
1 7 1
1 8 1
10 2 10
10 3 10
10 4 10
17 2 17
17 3 17
17 4 17
17 5 17
17 6 17
17 1 17
17 8 17
20 2 20
20 3 20
20 4 20
7 2 7
7 3 7
7 4 7
7 5 7
7 6 7
7 1 7
7 8 7
11 2 10
11 3 10
11 4 10
1 18
