100 100 300
1 50 98
1 62 87
1 88 45
2 29 84
2 73 49
2 88 96
2 90 49
3 96 64
4 30 7
4 97 81
5 35 80
5 94 29
6 67 16
7 1 79
7 63 42
7 64 63
7 86 32
8 13 29
8 32 97
8 37 73
9 7 65
9 71 67
9 77 47
10 1 24
10 35 48
10 52 35
10 85 22
10 93 8
11 62 82
11 96 34
12 43 51
12 62 72
13 13 34
13 18 18
13 88 83
14 24 8
14 97 2
15 58 98
15 63 17
15 97 28
16 15 63
17 13 43
17 17 83
17 97 63
18 7 25
18 34 49
18 45 66
18 47 56
18 96 75
18 97 56
19 6 96
19 41 40
19 64 15
19 68 72
19 86 79
20 23 85
20 36 17
20 54 25
20 59 44
21 38 80
22 44 17
23 3 67
23 80 100
23 84 48
24 44 25
25 26 58
26 59 4
26 89 27
27 32 65
28 3 57
28 11 96
28 13 4
28 31 8
28 41 5
28 92 56
29 44 97
29 82 63
31 57 43
32 3 86
32 44 82
32 67 17
32 92 31
32 93 19
33 77 97
34 23 40
34 89 59
34 98 78
35 67 25
36 13 3
36 22 27
36 46 3
36 53 78
36 63 88
36 89 93
37 27 29
37 33 76
37 38 70
37 58 59
37 81 32
38 17 9
38 57 42
39 5 76
39 24 4
39 42 85
39 63 62
39 78 80
39 81 100
39 92 9
41 9 53
41 28 99
41 37 78
41 60 30
41 66 46
41 83 28
41 85 43
41 91 1
42 75 95
43 42 85
43 66 83
43 70 3
44 9 15
44 47 83
45 19 96
45 32 79
45 94 41
46 4 56
46 10 34
46 33 33
46 40 8
46 60 50
47 99 47
48 10 78
48 20 4
48 36 65
48 61 90
49 29 4
49 38 30
50 3 47
50 21 40
50 39 81
50 40 34
50 95 58
51 62 80
51 93 25
52 55 17
52 56 57
52 99 3
54 8 58
54 12 69
54 88 19
54 97 92
55 36 99
55 71 39
56 26 6
56 40 83
56 54 83
57 40 22
57 77 20
58 29 57
59 27 94
59 62 74
59 67 43
59 75 62
59 85 40
59 89 69
60 16 13
60 17 44
60 18 38
60 26 77
60 31 61
60 35 46
60 57 45
61 89 86
61 93 45
62 12 62
62 25 19
62 44 25
62 100 38
63 20 95
64 56 55
64 86 92
64 91 19
64 96 8
65 98 48
66 4 16
66 44 80
66 58 57
67 32 3
67 55 5
67 82 50
67 84 49
67 96 40
67 98 6
67 99 79
68 32 97
68 66 91
69 4 59
69 6 44
70 1 23
70 27 80
70 32 22
70 91 92
71 9 18
71 46 75
72 4 71
72 47 19
72 99 23
73 51 94
73 86 35
74 8 36
74 64 25
74 67 98
75 4 100
75 6 87
75 15 63
75 85 64
76 6 46
76 97 18
77 20 73
77 36 6
77 77 32
78 7 64
78 29 77
78 60 59
78 61 5
79 52 19
79 73 100
80 35 76
81 25 35
81 81 76
81 82 95
82 9 18
82 50 79
82 72 43
83 9 86
83 23 74
83 57 8
83 78 10
84 17 64
84 21 51
84 65 83
85 4 74
85 10 9
85 16 70
85 66 75
85 87 62
86 5 38
86 21 2
86 25 24
86 77 8
87 13 49
87 41 98
87 52 27
87 82 71
87 84 55
88 1 22
88 43 78
88 57 28
89 35 58
89 48 27
89 83 49
90 8 66
90 33 78
90 68 81
90 75 25
90 92 42
91 6 3
91 52 81
92 1 1
92 13 50
92 14 44
92 57 91
92 84 55
92 93 6
93 22 47
93 69 41
93 97 79
94 26 42
94 72 36
95 8 72
95 28 13
95 54 35
95 55 6
95 57 24
95 78 60
95 91 51
96 62 92
97 13 80
98 6 30
98 75 45
99 36 97
99 62 100
99 72 96
99 84 100
99 98 97
100 27 49
100 62 98
100 64 67
100 81 36
100 90 50
